camera_matrix:
- [1691.014894905597, 0.0, 484.9875958824472]
- [0.0, 1682.4424324732852, 336.50894603378197]
- [0.0, 0.0, 1.0]
dist_coeff:
- [-0.09946966080123891, 10.077065502669544, 0.04144245115866677, 0.06512691946266772,
  -51.49558865416695]
